Vertex Count: 126

Data:

0.951057 0 0.309017 0.737764 0.672746 0 1 -0
1 0 0 0.75 0.75 0 1 -0
0.951057 0 -0.309017 0.737764 0.827254 0 1 -0
0 -2 -0 0.5 0 -0 -1 -1e-006
0.809018 0 -0.587786 0.275 0.5 0.723607 -0.447214 -0.525731
0.951057 0 -0.309017 0.25 0.5 0.850651 -0.447214 -0.276392
0 -2 -0 0.5 0 -0 -1 -1e-006
0.587786 0 -0.809017 0.3 0.5 0.525731 -0.447214 -0.723607
0.809018 0 -0.587786 0.275 0.5 0.723607 -0.447214 -0.525731
0 -2 -0 0.5 0 -0 -1 -1e-006
0.309017 0 -0.951057 0.325 0.5 0.276393 -0.447214 -0.850651
0.587786 0 -0.809017 0.3 0.5 0.525731 -0.447214 -0.723607
0 -2 -0 0.5 0 -0 -1 -1e-006
0 0 -1 0.35 0.5 -0 -0.447214 -0.894427
0.309017 0 -0.951057 0.325 0.5 0.276393 -0.447214 -0.850651
0 -2 -0 0.5 0 -0 -1 -1e-006
-0.309017 0 -0.951057 0.375 0.5 -0.276393 -0.447214 -0.850651
0 0 -1 0.35 0.5 -0 -0.447214 -0.894427
0 -2 -0 0.5 0 -0 -1 -1e-006
-0.587785 0 -0.809017 0.4 0.5 -0.525731 -0.447214 -0.723607
-0.309017 0 -0.951057 0.375 0.5 -0.276393 -0.447214 -0.850651
0 -2 -0 0.5 0 -0 -1 -1e-006
-0.809017 0 -0.587785 0.425 0.5 -0.723607 -0.447214 -0.525731
-0.587785 0 -0.809017 0.4 0.5 -0.525731 -0.447214 -0.723607
0 -2 -0 0.5 0 -0 -1 -1e-006
-0.951057 0 -0.309017 0.45 0.5 -0.850651 -0.447214 -0.276393
-0.809017 0 -0.587785 0.425 0.5 -0.723607 -0.447214 -0.525731
0 -2 -0 0.5 0 -0 -1 -1e-006
-1 0 0 0.475 0.5 -0.894427 -0.447214 -0
-0.951057 0 -0.309017 0.45 0.5 -0.850651 -0.447214 -0.276393
0 -2 -0 0.5 0 -0 -1 -1e-006
-0.951057 0 0.309017 0.5 0.5 -0.850651 -0.447214 0.276393
-1 0 0 0.475 0.5 -0.894427 -0.447214 -0
0 -2 -0 0.5 0 -0 -1 -1e-006
-0.809017 -0 0.587785 0.525 0.5 -0.723607 -0.447214 0.525731
-0.951057 0 0.309017 0.5 0.5 -0.850651 -0.447214 0.276393
0 -2 -0 0.5 0 -0 -1 -1e-006
-0.587785 -0 0.809017 0.55 0.5 -0.525731 -0.447214 0.723607
-0.809017 -0 0.587785 0.525 0.5 -0.723607 -0.447214 0.525731
0 -2 -0 0.5 0 -0 -1 -1e-006
-0.309017 -0 0.951057 0.575 0.5 -0.276393 -0.447214 0.850651
-0.587785 -0 0.809017 0.55 0.5 -0.525731 -0.447214 0.723607
0 -2 -0 0.5 0 -0 -1 -1e-006
-0 -0 1 0.6 0.5 0 -0.447214 0.894427
-0.309017 -0 0.951057 0.575 0.5 -0.276393 -0.447214 0.850651
0 -2 -0 0.5 0 -0 -1 -1e-006
0.309017 -0 0.951057 0.625 0.5 0.276393 -0.447214 0.850651
-0 -0 1 0.6 0.5 0 -0.447214 0.894427
0 -2 -0 0.5 0 -0 -1 -1e-006
0.587785 -0 0.809017 0.65 0.5 0.525731 -0.447214 0.723607
0.309017 -0 0.951057 0.625 0.5 0.276393 -0.447214 0.850651
0 -2 -0 0.5 0 -0 -1 -1e-006
0.809017 -0 0.587785 0.675 0.5 0.723607 -0.447214 0.525731
0.587785 -0 0.809017 0.65 0.5 0.525731 -0.447214 0.723607
0 -2 -0 0.5 0 -0 -1 -1e-006
0.951057 0 0.309017 0.7 0.5 0.850651 -0.447214 0.276393
0.809017 -0 0.587785 0.675 0.5 0.723607 -0.447214 0.525731
0 -2 -0 0.5 0 -0 -1 -1e-006
1 0 0 0.725 0.5 0.894427 -0.447214 1e-006
0.951057 0 0.309017 0.7 0.5 0.850651 -0.447214 0.276393
0 -2 -0 0.5 0 -0 -1 -1e-006
0.951057 0 -0.309017 0.75 0.5 0.850651 -0.447214 -0.276392
1 0 0 0.725 0.5 0.894427 -0.447214 1e-006
0.951057 0 -0.309017 0.737764 0.672746 0 -1 0
1 0 -0 0.75 0.75 0 -1 0
0.951057 0 0.309017 0.737764 0.827254 0 -1 0
0 2 -0 0.5 0 -0 1 1e-006
0.809018 0 0.587786 0.275 0.5 0.723607 0.447214 0.525731
0.951057 0 0.309017 0.25 0.5 0.850651 0.447214 0.276392
0 2 -0 0.5 0 -0 1 1e-006
0.587786 0 0.809017 0.3 0.5 0.525731 0.447214 0.723607
0.809018 0 0.587786 0.275 0.5 0.723607 0.447214 0.525731
0 2 -0 0.5 0 -0 1 1e-006
0.309017 0 0.951057 0.325 0.5 0.276393 0.447214 0.850651
0.587786 0 0.809017 0.3 0.5 0.525731 0.447214 0.723607
0 2 -0 0.5 0 -0 1 1e-006
0 0 1 0.35 0.5 -0 0.447214 0.894427
0.309017 0 0.951057 0.325 0.5 0.276393 0.447214 0.850651
0 2 -0 0.5 0 -0 1 1e-006
-0.309017 0 0.951057 0.375 0.5 -0.276393 0.447214 0.850651
0 0 1 0.35 0.5 -0 0.447214 0.894427
0 2 -0 0.5 0 -0 1 1e-006
-0.587785 0 0.809017 0.4 0.5 -0.525731 0.447214 0.723607
-0.309017 0 0.951057 0.375 0.5 -0.276393 0.447214 0.850651
0 2 -0 0.5 0 -0 1 1e-006
-0.809017 0 0.587785 0.425 0.5 -0.723607 0.447214 0.525731
-0.587785 0 0.809017 0.4 0.5 -0.525731 0.447214 0.723607
0 2 -0 0.5 0 -0 1 1e-006
-0.951057 0 0.309017 0.45 0.5 -0.850651 0.447214 0.276393
-0.809017 0 0.587785 0.425 0.5 -0.723607 0.447214 0.525731
0 2 -0 0.5 0 -0 1 1e-006
-1 0 -0 0.475 0.5 -0.894427 0.447214 -0
-0.951057 0 0.309017 0.45 0.5 -0.850651 0.447214 0.276393
0 2 -0 0.5 0 -0 1 1e-006
-0.951057 0 -0.309017 0.5 0.5 -0.850651 0.447214 -0.276393
-1 0 -0 0.475 0.5 -0.894427 0.447214 -0
0 2 -0 0.5 0 -0 1 1e-006
-0.809017 0 -0.587785 0.525 0.5 -0.723607 0.447214 -0.525731
-0.951057 0 -0.309017 0.5 0.5 -0.850651 0.447214 -0.276393
0 2 -0 0.5 0 -0 1 1e-006
-0.587785 0 -0.809017 0.55 0.5 -0.525731 0.447214 -0.723607
-0.809017 0 -0.587785 0.525 0.5 -0.723607 0.447214 -0.525731
0 2 -0 0.5 0 -0 1 1e-006
-0.309017 0 -0.951057 0.575 0.5 -0.276393 0.447214 -0.850651
-0.587785 0 -0.809017 0.55 0.5 -0.525731 0.447214 -0.723607
0 2 -0 0.5 0 -0 1 1e-006
-0 0 -1 0.6 0.5 0 0.447214 -0.894427
-0.309017 0 -0.951057 0.575 0.5 -0.276393 0.447214 -0.850651
0 2 -0 0.5 0 -0 1 1e-006
0.309017 0 -0.951057 0.625 0.5 0.276393 0.447214 -0.850651
-0 0 -1 0.6 0.5 0 0.447214 -0.894427
0 2 -0 0.5 0 -0 1 1e-006
0.587785 0 -0.809017 0.65 0.5 0.525731 0.447214 -0.723607
0.309017 0 -0.951057 0.625 0.5 0.276393 0.447214 -0.850651
0 2 -0 0.5 0 -0 1 1e-006
0.809017 0 -0.587785 0.675 0.5 0.723607 0.447214 -0.525731
0.587785 0 -0.809017 0.65 0.5 0.525731 0.447214 -0.723607
0 2 -0 0.5 0 -0 1 1e-006
0.951057 0 -0.309017 0.7 0.5 0.850651 0.447214 -0.276393
0.809017 0 -0.587785 0.675 0.5 0.723607 0.447214 -0.525731
0 2 -0 0.5 0 -0 1 1e-006
1 0 -0 0.725 0.5 0.894427 0.447214 -1e-006
0.951057 0 -0.309017 0.7 0.5 0.850651 0.447214 -0.276393
0 2 -0 0.5 0 -0 1 1e-006
0.951057 0 0.309017 0.75 0.5 0.850651 0.447214 0.276392
1 0 -0 0.725 0.5 0.894427 0.447214 -1e-006
